Session Number,Batch Number,Batch Length (s),Batch Search Count,Batch Word Count,Batch Purity
1,37,10.407036066055298,100,38,0.38
1,36,83.77302193641663,100,14,0.14
1,35,26.74048924446106,100,25,0.25
1,34,35.81602644920349,100,14,0.14
1,33,22.692042112350464,100,20,0.2
1,32,13.43509292602539,100,40,0.4
1,31,14.549371242523193,100,28,0.28
1,30,20.99711513519287,100,20,0.2
1,29,10.930664300918579,100,19,0.19
1,28,10.75647783279419,100,37,0.37
1,27,10.814136028289795,100,15,0.15
1,26,18.559504985809326,100,31,0.31
1,25,10.658991575241089,100,16,0.16
1,24,10.682235956192017,100,26,0.26
1,23,11.531105518341064,100,25,0.25
1,22,11.585291385650635,100,40,0.4
1,21,10.420586109161377,100,55,0.55
1,20,11.366695880889893,100,62,0.62
1,19,12.768921375274658,100,42,0.42
1,18,10.248261213302612,100,56,0.56
1,17,10.607280969619751,100,30,0.3
1,16,32.37821578979492,100,12,0.12
1,15,10.475629568099976,100,31,0.31
1,14,10.888617992401123,100,49,0.49
1,13,10.996891975402832,100,60,0.6
1,12,11.944412231445312,100,52,0.52
1,11,12.083361625671387,100,40,0.4
1,10,11.532549858093262,100,33,0.33
1,9,10.904798984527588,100,53,0.53
1,8,11.3097505569458,100,30,0.3
1,7,9.887659788131714,100,44,0.44
1,6,9.04919958114624,100,31,0.31
1,5,9.266684770584106,100,40,0.4
1,4,10.234581470489502,100,30,0.3
1,3,9.089496612548828,100,29,0.29
1,2,9.038884162902832,100,33,0.33
1,1,8.987747192382812,100,26,0.26
